-5 -5
-5 -5
-4.664098e+00 -4.974591e+00
-4.166683e+00 -4.881759e+00
-3.169045e+00 -4.682799e+00
-2.986230e+00 -4.644514e+00
-2.974577e+00 -4.644835e+00
-2.974232e+00 -4.644934e+00
-2.974072e+00 -4.644939e+00
-2.974067e+00 -4.644940e+00
-2.976364e+00 -4.722062e+00
-2.983912e+00 -4.979386e+00
-2.985099e+00 -5.024189e+00
-2.984512e+00 -5.005166e+00
-2.984480e+00 -5.005482e+00
-2.983872e+00 -5.012388e+00
-2.980846e+00 -5.018269e+00
-2.949903e+00 -5.104934e+00
-2.928024e+00 -5.160773e+00
-2.802732e+00 -5.495938e+00
-2.834619e+00 -5.407922e+00
-2.826852e+00 -5.422574e+00
-2.824926e+00 -5.426448e+00
-2.791500e+00 -5.512891e+00
-2.722014e+00 -5.688770e+00
-2.725217e+00 -5.680597e+00
-2.723867e+00 -5.683103e+00
-2.723773e+00 -5.682089e+00
-2.723773e+00 -5.682089e+00
-2.723773e+00 -5.682089e+00
-2.721890e+00 -5.682021e+00
-2.699047e+00 -5.681192e+00
-2.700090e+00 -5.681230e+00
-2.699664e+00 -5.681215e+00
-2.695507e+00 -5.681064e+00
-2.695242e+00 -5.681054e+00
-2.695242e+00 -5.681054e+00
-2.695242e+00 -5.681054e+00
-2.695242e+00 -5.681054e+00
-2.695242e+00 -5.681054e+00
-2.695241e+00 -5.681051e+00
-2.695240e+00 -5.681047e+00
-2.695240e+00 -5.681047e+00
-2.695221e+00 -5.680990e+00
-2.695221e+00 -5.680990e+00
-2.695221e+00 -5.680990e+00
-2.695221e+00 -5.680988e+00
-2.695222e+00 -5.680979e+00
-2.695222e+00 -5.680979e+00
-2.695222e+00 -5.680979e+00
-2.695222e+00 -5.680979e+00
-2.695221e+00 -5.680978e+00
-2.695218e+00 -5.680972e+00
-2.695218e+00 -5.680971e+00
-2.695190e+00 -5.680910e+00
-2.695190e+00 -5.680910e+00
-2.695190e+00 -5.680910e+00
-2.695190e+00 -5.680906e+00
-2.695190e+00 -5.680854e+00
-2.695190e+00 -5.680816e+00
-2.695187e+00 -5.680368e+00
-2.695185e+00 -5.680054e+00
-2.695161e+00 -5.676271e+00
-2.695143e+00 -5.673584e+00
-2.695061e+00 -5.660755e+00
-2.694662e+00 -5.598467e+00
-2.694500e+00 -5.573109e+00
-2.694457e+00 -5.566429e+00
-2.694457e+00 -5.566429e+00
-2.694445e+00 -5.566456e+00
-2.694440e+00 -5.566466e+00
-2.694405e+00 -5.566541e+00
-2.694387e+00 -5.566580e+00
-2.694382e+00 -5.566590e+00
-2.694382e+00 -5.566589e+00
-2.694382e+00 -5.566588e+00
-2.694382e+00 -5.566588e+00
-2.694382e+00 -5.566546e+00
-2.694382e+00 -5.566537e+00
